{
  "advancedEditorSelectedIdentifier" : "ProjectBrowser",
  "openSceneRelativePaths" : [
    "Lab_Scene.usda"
  ],
  "recentIdentifiers" : {
    "26DBAE76-5DD8-47B6-A085-1B4ADA111097" : [

    ],
    "9882A61C-E7F7-43C2-859D-668135906D7C" : [

    ]
  },
  "sceneCameraHistory" : {
    "4A1EB256-38F3-4038-8C0C-49B5D5301964" : [
      {
        "date" : 733548035.90626,
        "title" : "Untitled",
        "transform" : [
          0.99999994,
          0,
          -0,
          0,
          -0,
          0.86390716,
          -0.50365114,
          0,
          0,
          0.50365114,
          0.86390716,
          0,
          -0.14399743,
          0.37099496,
          0.5704123,
          1
        ]
      }
    ],
    "26DBAE76-5DD8-47B6-A085-1B4ADA111097" : [
      {
        "date" : 733548935.504094,
        "title" : "Untitled",
        "transform" : [
          0.9963357,
          -1.6328725e-07,
          -0.08552895,
          0,
          -0.0096662,
          0.99359286,
          -0.11260448,
          0,
          0.08498098,
          0.11301855,
          0.989952,
          0,
          0.10636106,
          0.64670944,
          0.90695524,
          1
        ]
      },
      {
        "date" : 733548919.888245,
        "title" : "Untitled",
        "transform" : [
          0.9963357,
          -1.6328725e-07,
          -0.08552895,
          0,
          -0.0096662,
          0.99359286,
          -0.11260448,
          0,
          0.08498098,
          0.11301855,
          0.989952,
          0,
          0.048092816,
          0.71137464,
          0.9045746,
          1
        ]
      },
      {
        "date" : 733548911.472267,
        "title" : "Untitled",
        "transform" : [
          0.9963357,
          -1.6328725e-07,
          -0.08552895,
          0,
          -0.0096662,
          0.99359286,
          -0.11260448,
          0,
          0.08498098,
          0.11301855,
          0.989952,
          0,
          0.04058457,
          0.6003149,
          0.7633525,
          1
        ]
      },
      {
        "date" : 733548901.305091,
        "title" : "Untitled",
        "transform" : [
          0.9963357,
          -1.6328725e-07,
          -0.08552895,
          0,
          -0.0096662,
          0.99359286,
          -0.11260448,
          0,
          0.08498098,
          0.11301855,
          0.989952,
          0,
          0.06396307,
          0.94612277,
          1.2030772,
          1
        ]
      },
      {
        "date" : 733548887.422841,
        "title" : "Untitled",
        "transform" : [
          0.9963357,
          -1.6328725e-07,
          -0.08552895,
          0,
          -0.0096662,
          0.99359286,
          -0.11260448,
          0,
          0.08498098,
          0.11301855,
          0.989952,
          0,
          0.040864445,
          0.60445476,
          0.7686167,
          1
        ]
      },
      {
        "date" : 733548885.206466,
        "title" : "Untitled",
        "transform" : [
          0.9963357,
          -1.6328725e-07,
          -0.08552895,
          0,
          -0.0096662,
          0.99359286,
          -0.11260448,
          0,
          0.08498098,
          0.11301855,
          0.989952,
          0,
          0.06622738,
          0.9796157,
          1.2456665,
          1
        ]
      },
      {
        "date" : 733548868.824013,
        "title" : "Untitled",
        "transform" : [
          0.9963357,
          -1.6328725e-07,
          -0.08552895,
          0,
          -0.0096662,
          0.99359286,
          -0.11260448,
          0,
          0.08498098,
          0.11301855,
          0.989952,
          0,
          0.12580007,
          0.6347334,
          1.2799267,
          1
        ]
      },
      {
        "date" : 733548865.339583,
        "title" : "Untitled",
        "transform" : [
          0.9963357,
          -1.6328725e-07,
          -0.08552895,
          0,
          -0.0096662,
          0.99359286,
          -0.11260448,
          0,
          0.08498098,
          0.11301855,
          0.989952,
          0,
          0.10964978,
          0.59515417,
          1.2858317,
          1
        ]
      },
      {
        "date" : 733548821.991471,
        "title" : "Untitled",
        "transform" : [
          0.9963357,
          -1.6328725e-07,
          -0.08552895,
          0,
          -0.0096662,
          0.99359286,
          -0.11260448,
          0,
          0.08498098,
          0.11301855,
          0.989952,
          0,
          0.10486728,
          0.7468655,
          1.2689221,
          1
        ]
      },
      {
        "date" : 733548814.092015,
        "title" : "Untitled",
        "transform" : [
          0.9963357,
          -1.6328725e-07,
          -0.08552895,
          0,
          -0.0096662,
          0.99359286,
          -0.11260448,
          0,
          0.08498098,
          0.11301855,
          0.989952,
          0,
          0.15688437,
          0.8392141,
          1.2539138,
          1
        ]
      }
    ],
    "504E6A95-AE6D-4A9D-8D90-AB52913FF327" : [
      {
        "date" : 733548749.112547,
        "title" : "Untitled",
        "transform" : [
          0.99999994,
          0,
          -0,
          0,
          -0,
          0.8660254,
          -0.49999994,
          0,
          0,
          0.49999994,
          0.8660254,
          0,
          0,
          0.2147276,
          0.37191913,
          1
        ]
      }
    ],
    "9882A61C-E7F7-43C2-859D-668135906D7C" : [
      {
        "date" : 733559819.616537,
        "title" : "Untitled",
        "transform" : [
          0.70441186,
          1.2461919e-08,
          -0.70979136,
          0,
          -0.49432486,
          0.7176181,
          -0.49057835,
          0,
          0.50935864,
          0.6964373,
          0.5054987,
          0,
          0.8501735,
          2.7063503,
          -0.75759757,
          1
        ]
      },
      {
        "date" : 733559715.077834,
        "title" : "Untitled",
        "transform" : [
          0.7145861,
          1.0728057e-08,
          -0.69954735,
          0,
          -0.4438152,
          0.7729787,
          -0.45335627,
          0,
          0.5407348,
          0.63443244,
          0.5523599,
          0,
          0.9392784,
          2.613978,
          -0.64513326,
          1
        ]
      },
      {
        "date" : 733559708.364322,
        "title" : "Untitled",
        "transform" : [
          -0.3909902,
          1.1294323e-08,
          -0.9203948,
          0,
          -0.596946,
          0.7611499,
          0.2535869,
          0,
          0.70055825,
          0.64857656,
          -0.2976018,
          0,
          1.0843599,
          2.7075477,
          -2.5624425,
          1
        ]
      },
      {
        "date" : 733559702.726239,
        "title" : "Untitled",
        "transform" : [
          0.7753765,
          1.1400816e-08,
          -0.63149923,
          0,
          -0.4867281,
          0.6371377,
          -0.5976215,
          0,
          0.4023515,
          0.77075046,
          0.49402142,
          0,
          0.6676361,
          2.6890292,
          -1.1975394,
          1
        ]
      },
      {
        "date" : 733559700.314624,
        "title" : "Untitled",
        "transform" : [
          0.8997735,
          8.415141e-09,
          -0.43635723,
          0,
          -0.24413976,
          0.82883376,
          -0.5034188,
          0,
          0.36166725,
          0.5594955,
          0.74576247,
          0,
          0.72281104,
          2.4362407,
          -0.7333827,
          1
        ]
      },
      {
        "date" : 733559261.926875,
        "title" : "Untitled",
        "transform" : [
          0.8997735,
          8.415141e-09,
          -0.43635723,
          0,
          -0.24413976,
          0.82883376,
          -0.5034188,
          0,
          0.36166725,
          0.5594955,
          0.74576247,
          0,
          1.1870232,
          3.8255835,
          -0.0074314475,
          1
        ]
      },
      {
        "date" : 733559254.795053,
        "title" : "Untitled",
        "transform" : [
          0.8997735,
          8.415141e-09,
          -0.43635723,
          0,
          -0.24413976,
          0.82883376,
          -0.5034188,
          0,
          0.36166725,
          0.5594955,
          0.74576247,
          0,
          0.7247722,
          2.9054384,
          -1.3996937,
          1
        ]
      },
      {
        "date" : 733558407.924194,
        "title" : "Untitled",
        "transform" : [
          0.8997735,
          8.415141e-09,
          -0.43635723,
          0,
          -0.24413976,
          0.82883376,
          -0.5034188,
          0,
          0.36166725,
          0.5594955,
          0.74576247,
          0,
          0.82172793,
          2.3841796,
          -1.0556483,
          1
        ]
      },
      {
        "date" : 733558140.574231,
        "title" : "Untitled",
        "transform" : [
          0.8997735,
          8.415141e-09,
          -0.43635723,
          0,
          -0.24413976,
          0.82883376,
          -0.5034188,
          0,
          0.36166725,
          0.5594955,
          0.74576247,
          0,
          0.8176397,
          1.6931776,
          -0.5352534,
          1
        ]
      },
      {
        "date" : 733558069.880594,
        "title" : "Untitled",
        "transform" : [
          0.99530405,
          1.2426271e-08,
          -0.09679807,
          0,
          -0.061821077,
          0.76948935,
          -0.6356605,
          0,
          0.07448481,
          0.6386601,
          0.76587546,
          0,
          0.35715252,
          1.1857046,
          -0.042173386,
          1
        ]
      }
    ],
    "D23CCF5B-9D5A-49AF-B937-417D85969A87" : [
      {
        "date" : 733548017.03306,
        "title" : "Untitled",
        "transform" : [
          1,
          0,
          0,
          0,
          0,
          0.8663192,
          -0.4994908,
          0,
          0,
          0.4994908,
          0.8663192,
          0,
          0.010549469,
          0.8861659,
          1.005368,
          1
        ]
      },
      {
        "date" : 733548015.200586,
        "title" : "Untitled",
        "transform" : [
          1,
          0,
          0,
          0,
          0,
          0.8663192,
          -0.4994908,
          0,
          0,
          0.4994908,
          0.8663192,
          0,
          0.014241606,
          1.1963091,
          1.35723,
          1
        ]
      },
      {
        "date" : 733547991.018158,
        "title" : "Untitled",
        "transform" : [
          1,
          0,
          0,
          0,
          0,
          0.8663192,
          -0.49949086,
          0,
          0,
          0.49949086,
          0.8663192,
          0,
          0.030141309,
          0.96705794,
          1.500601,
          1
        ]
      },
      {
        "date" : 733547978.219443,
        "title" : "Untitled",
        "transform" : [
          1,
          0,
          0,
          0,
          0,
          0.8663192,
          -0.49949086,
          0,
          0,
          0.49949086,
          0.8663192,
          0,
          0.043298796,
          1.0240521,
          1.46774,
          1
        ]
      },
      {
        "date" : 733547968.569779,
        "title" : "Untitled",
        "transform" : [
          1,
          0,
          0,
          0,
          0,
          0.8663192,
          -0.49949086,
          0,
          0,
          0.49949086,
          0.8663192,
          0,
          0.032475024,
          0.429701,
          0.5191342,
          1
        ]
      },
      {
        "date" : 733546886.703688,
        "title" : "Untitled",
        "transform" : [
          1,
          0,
          -0,
          0,
          -0,
          0.8663192,
          -0.49949086,
          0,
          0,
          0.49949086,
          0.8663192,
          0,
          -0.0051107877,
          0.37307265,
          0.55178416,
          1
        ]
      },
      {
        "date" : 733546885.313502,
        "title" : "Untitled",
        "transform" : [
          0.99999994,
          0,
          -0,
          0,
          -0,
          0.8660254,
          -0.49999988,
          0,
          0,
          0.49999988,
          0.8660254,
          0,
          0,
          0.13086376,
          0.2266627,
          1
        ]
      }
    ]
  },
  "selectedSceneRelativePath" : "Lab_Scene.usda"
}