{
  "advancedEditorSelectedIdentifier" : "ProjectBrowser",
  "openSceneRelativePaths" : [
    "Lab_Scene.usda"
  ],
  "recentIdentifiers" : {
    "26DBAE76-5DD8-47B6-A085-1B4ADA111097" : [

    ],
    "9882A61C-E7F7-43C2-859D-668135906D7C" : [

    ]
  },
  "sceneCameraHistory" : {
    "4A1EB256-38F3-4038-8C0C-49B5D5301964" : [
      {
        "date" : 733548035.90626,
        "title" : "Untitled",
        "transform" : [
          0.99999994,
          0,
          -0,
          0,
          -0,
          0.86390716,
          -0.50365114,
          0,
          0,
          0.50365114,
          0.86390716,
          0,
          -0.14399743,
          0.37099496,
          0.5704123,
          1
        ]
      }
    ],
    "26DBAE76-5DD8-47B6-A085-1B4ADA111097" : [
      {
        "date" : 733548935.504094,
        "title" : "Untitled",
        "transform" : [
          0.9963357,
          -1.6328725e-07,
          -0.08552895,
          0,
          -0.0096662,
          0.99359286,
          -0.11260448,
          0,
          0.08498098,
          0.11301855,
          0.989952,
          0,
          0.10636106,
          0.64670944,
          0.90695524,
          1
        ]
      },
      {
        "date" : 733548919.888245,
        "title" : "Untitled",
        "transform" : [
          0.9963357,
          -1.6328725e-07,
          -0.08552895,
          0,
          -0.0096662,
          0.99359286,
          -0.11260448,
          0,
          0.08498098,
          0.11301855,
          0.989952,
          0,
          0.048092816,
          0.71137464,
          0.9045746,
          1
        ]
      },
      {
        "date" : 733548911.472267,
        "title" : "Untitled",
        "transform" : [
          0.9963357,
          -1.6328725e-07,
          -0.08552895,
          0,
          -0.0096662,
          0.99359286,
          -0.11260448,
          0,
          0.08498098,
          0.11301855,
          0.989952,
          0,
          0.04058457,
          0.6003149,
          0.7633525,
          1
        ]
      },
      {
        "date" : 733548901.305091,
        "title" : "Untitled",
        "transform" : [
          0.9963357,
          -1.6328725e-07,
          -0.08552895,
          0,
          -0.0096662,
          0.99359286,
          -0.11260448,
          0,
          0.08498098,
          0.11301855,
          0.989952,
          0,
          0.06396307,
          0.94612277,
          1.2030772,
          1
        ]
      },
      {
        "date" : 733548887.422841,
        "title" : "Untitled",
        "transform" : [
          0.9963357,
          -1.6328725e-07,
          -0.08552895,
          0,
          -0.0096662,
          0.99359286,
          -0.11260448,
          0,
          0.08498098,
          0.11301855,
          0.989952,
          0,
          0.040864445,
          0.60445476,
          0.7686167,
          1
        ]
      },
      {
        "date" : 733548885.206466,
        "title" : "Untitled",
        "transform" : [
          0.9963357,
          -1.6328725e-07,
          -0.08552895,
          0,
          -0.0096662,
          0.99359286,
          -0.11260448,
          0,
          0.08498098,
          0.11301855,
          0.989952,
          0,
          0.06622738,
          0.9796157,
          1.2456665,
          1
        ]
      },
      {
        "date" : 733548868.824013,
        "title" : "Untitled",
        "transform" : [
          0.9963357,
          -1.6328725e-07,
          -0.08552895,
          0,
          -0.0096662,
          0.99359286,
          -0.11260448,
          0,
          0.08498098,
          0.11301855,
          0.989952,
          0,
          0.12580007,
          0.6347334,
          1.2799267,
          1
        ]
      },
      {
        "date" : 733548865.339583,
        "title" : "Untitled",
        "transform" : [
          0.9963357,
          -1.6328725e-07,
          -0.08552895,
          0,
          -0.0096662,
          0.99359286,
          -0.11260448,
          0,
          0.08498098,
          0.11301855,
          0.989952,
          0,
          0.10964978,
          0.59515417,
          1.2858317,
          1
        ]
      },
      {
        "date" : 733548821.991471,
        "title" : "Untitled",
        "transform" : [
          0.9963357,
          -1.6328725e-07,
          -0.08552895,
          0,
          -0.0096662,
          0.99359286,
          -0.11260448,
          0,
          0.08498098,
          0.11301855,
          0.989952,
          0,
          0.10486728,
          0.7468655,
          1.2689221,
          1
        ]
      },
      {
        "date" : 733548814.092015,
        "title" : "Untitled",
        "transform" : [
          0.9963357,
          -1.6328725e-07,
          -0.08552895,
          0,
          -0.0096662,
          0.99359286,
          -0.11260448,
          0,
          0.08498098,
          0.11301855,
          0.989952,
          0,
          0.15688437,
          0.8392141,
          1.2539138,
          1
        ]
      }
    ],
    "504E6A95-AE6D-4A9D-8D90-AB52913FF327" : [
      {
        "date" : 733548749.112547,
        "title" : "Untitled",
        "transform" : [
          0.99999994,
          0,
          -0,
          0,
          -0,
          0.8660254,
          -0.49999994,
          0,
          0,
          0.49999994,
          0.8660254,
          0,
          0,
          0.2147276,
          0.37191913,
          1
        ]
      }
    ],
    "9882A61C-E7F7-43C2-859D-668135906D7C" : [
      {
        "date" : 733551293.05686,
        "title" : "Untitled",
        "transform" : [
          1,
          0,
          -0,
          0,
          -0,
          0.8644799,
          -0.5026674,
          0,
          0,
          0.5026674,
          0.8644799,
          0,
          -2.5150013e-07,
          1.4635242,
          1.8306633,
          1
        ]
      },
      {
        "date" : 733551282.449221,
        "title" : "Untitled",
        "transform" : [
          1,
          0,
          0,
          0,
          0,
          0.85967624,
          -0.5108392,
          0,
          0,
          0.5108392,
          0.85967624,
          0,
          -0.20249832,
          3.1177714,
          3.829545,
          1
        ]
      },
      {
        "date" : 733548167.790951,
        "title" : "Untitled",
        "transform" : [
          1,
          0,
          0,
          0,
          0,
          0.85967624,
          -0.5108392,
          0,
          0,
          0.5108392,
          0.85967624,
          0,
          -0.11026758,
          2.3943129,
          3.0860279,
          1
        ]
      },
      {
        "date" : 733548070.458992,
        "title" : "Untitled",
        "transform" : [
          1,
          0,
          -0,
          0,
          -0,
          0.85967624,
          -0.5108392,
          0,
          0,
          0.5108392,
          0.85967624,
          0,
          -3.5762787e-07,
          2.2900457,
          3.1479857,
          1
        ]
      }
    ],
    "D23CCF5B-9D5A-49AF-B937-417D85969A87" : [
      {
        "date" : 733548017.03306,
        "title" : "Untitled",
        "transform" : [
          1,
          0,
          0,
          0,
          0,
          0.8663192,
          -0.4994908,
          0,
          0,
          0.4994908,
          0.8663192,
          0,
          0.010549469,
          0.8861659,
          1.005368,
          1
        ]
      },
      {
        "date" : 733548015.200586,
        "title" : "Untitled",
        "transform" : [
          1,
          0,
          0,
          0,
          0,
          0.8663192,
          -0.4994908,
          0,
          0,
          0.4994908,
          0.8663192,
          0,
          0.014241606,
          1.1963091,
          1.35723,
          1
        ]
      },
      {
        "date" : 733547991.018158,
        "title" : "Untitled",
        "transform" : [
          1,
          0,
          0,
          0,
          0,
          0.8663192,
          -0.49949086,
          0,
          0,
          0.49949086,
          0.8663192,
          0,
          0.030141309,
          0.96705794,
          1.500601,
          1
        ]
      },
      {
        "date" : 733547978.219443,
        "title" : "Untitled",
        "transform" : [
          1,
          0,
          0,
          0,
          0,
          0.8663192,
          -0.49949086,
          0,
          0,
          0.49949086,
          0.8663192,
          0,
          0.043298796,
          1.0240521,
          1.46774,
          1
        ]
      },
      {
        "date" : 733547968.569779,
        "title" : "Untitled",
        "transform" : [
          1,
          0,
          0,
          0,
          0,
          0.8663192,
          -0.49949086,
          0,
          0,
          0.49949086,
          0.8663192,
          0,
          0.032475024,
          0.429701,
          0.5191342,
          1
        ]
      },
      {
        "date" : 733546886.703688,
        "title" : "Untitled",
        "transform" : [
          1,
          0,
          -0,
          0,
          -0,
          0.8663192,
          -0.49949086,
          0,
          0,
          0.49949086,
          0.8663192,
          0,
          -0.0051107877,
          0.37307265,
          0.55178416,
          1
        ]
      },
      {
        "date" : 733546885.313502,
        "title" : "Untitled",
        "transform" : [
          0.99999994,
          0,
          -0,
          0,
          -0,
          0.8660254,
          -0.49999988,
          0,
          0,
          0.49999988,
          0.8660254,
          0,
          0,
          0.13086376,
          0.2266627,
          1
        ]
      }
    ]
  },
  "selectedSceneRelativePath" : "Lab_Scene.usda"
}