{
  "advancedEditorSelectedIdentifier" : "ProjectBrowser",
  "openSceneRelativePaths" : [
    "Beaker.usda",
    "Erlenmeyer Flask.usda",
    "Pipet.usda"
  ],
  "recentIdentifiers" : {
    "6BC72959-2516-418E-B8A4-2A2317BA4436" : [

    ],
    "18D4CD64-C7BA-4FF7-98DF-25E1C04C6458" : [

    ],
    "26DBAE76-5DD8-47B6-A085-1B4ADA111097" : [

    ],
    "101F348B-EFEA-43F4-AFCA-19B2BA3BB25D" : [

    ],
    "156B0EAC-1919-440A-AF8C-201E4263D20A" : [

    ],
    "A64B165B-8181-4B89-9A38-6416E4B00AF4" : [

    ],
    "BF84D725-B04D-4038-92E7-14E9A30EE3C1" : [

    ]
  },
  "sceneCameraHistory" : {
    "0DF0A1C1-C1AD-4B99-AB5E-3ABD42A65953" : [
      {
        "date" : 733523593.192181,
        "title" : "Untitled",
        "transform" : [
          0.99999994,
          0,
          -0,
          0,
          -0,
          0.8666143,
          -0.49897853,
          0,
          0,
          0.49897853,
          0.8666143,
          0,
          0.54947954,
          0.88411105,
          1.4031478,
          1
        ]
      }
    ],
    "4A1EB256-38F3-4038-8C0C-49B5D5301964" : [
      {
        "date" : 733526252.676097,
        "title" : "Untitled",
        "transform" : [
          1,
          0,
          -0,
          0,
          -0,
          0.86413944,
          -0.5032524,
          0,
          0,
          0.5032524,
          0.86413944,
          0,
          -0.29856384,
          0.25503948,
          0.32250363,
          1
        ]
      },
      {
        "date" : 733523196.487886,
        "title" : "Untitled",
        "transform" : [
          1,
          0,
          -0,
          0,
          -0,
          0.86413944,
          -0.5032524,
          0,
          0,
          0.5032524,
          0.86413944,
          0,
          -0.14399743,
          0.411109,
          0.63989186,
          1
        ]
      }
    ],
    "6BC72959-2516-418E-B8A4-2A2317BA4436" : [
      {
        "date" : 733523554.670764,
        "title" : "Untitled",
        "transform" : [
          0.9959847,
          -8.240072e-09,
          0.089524254,
          0,
          0.02641659,
          0.95547295,
          -0.29389367,
          0,
          -0.08553793,
          0.2950785,
          0.9516365,
          0,
          0.3866689,
          1.0304784,
          1.5843343,
          1
        ]
      },
      {
        "date" : 733523523.37084,
        "title" : "Untitled",
        "transform" : [
          0.9959847,
          -8.240072e-09,
          0.089524254,
          0,
          0.02641659,
          0.95547295,
          -0.29389367,
          0,
          -0.08553793,
          0.2950785,
          0.9516365,
          0,
          3.8459754,
          0.9108483,
          4.045259,
          1
        ]
      },
      {
        "date" : 733523519.604134,
        "title" : "Untitled",
        "transform" : [
          0.9661516,
          -1.517595e-08,
          -0.25797477,
          0,
          -0.14046067,
          0.83877736,
          -0.52604496,
          0,
          0.21638341,
          0.5444745,
          0.8103861,
          0,
          2.405681,
          0.9233735,
          1.0324328,
          1
        ]
      },
      {
        "date" : 733523483.400609,
        "title" : "Untitled",
        "transform" : [
          0.9661516,
          -1.517595e-08,
          -0.25797477,
          0,
          -0.14046067,
          0.83877736,
          -0.52604496,
          0,
          0.21638341,
          0.5444745,
          0.8103861,
          0,
          1.1661594,
          0.44760746,
          0.5004742,
          1
        ]
      },
      {
        "date" : 733523478.866481,
        "title" : "Untitled",
        "transform" : [
          0.96615165,
          -5.659623e-10,
          -0.25797477,
          0,
          -0.14046066,
          0.8387774,
          -0.52604496,
          0,
          0.21638341,
          0.5444745,
          0.8103861,
          0,
          0.5744359,
          1.2697546,
          1.2744125,
          1
        ]
      },
      {
        "date" : 733523452.417534,
        "title" : "Untitled",
        "transform" : [
          0.9978181,
          0,
          0.06602249,
          0,
          0.03374065,
          0.8595523,
          -0.5099328,
          0,
          -0.056749787,
          0.51104784,
          0.85767686,
          0,
          0.25991082,
          1.1160978,
          1.4057319,
          1
        ]
      },
      {
        "date" : 733523446.70854,
        "title" : "Untitled",
        "transform" : [
          0.9978181,
          0,
          0.06602249,
          0,
          0.03374065,
          0.8595523,
          -0.5099328,
          0,
          -0.056749787,
          0.51104784,
          0.85767686,
          0,
          -0.41149926,
          2.381259,
          3.0560608,
          1
        ]
      },
      {
        "date" : 733523441.679562,
        "title" : "Untitled",
        "transform" : [
          0.9978181,
          0,
          0.06602249,
          0,
          0.03374065,
          0.8595523,
          -0.5099328,
          0,
          -0.056749787,
          0.51104784,
          0.85767686,
          0,
          -1.0071832,
          2.235063,
          3.1037574,
          1
        ]
      },
      {
        "date" : 733523436.054335,
        "title" : "Untitled",
        "transform" : [
          1,
          0,
          0,
          0,
          0,
          0.8595523,
          -0.51104784,
          0,
          0,
          0.51104784,
          0.8595523,
          0,
          0.7610047,
          0.29592082,
          0.43284488,
          1
        ]
      },
      {
        "date" : 733523402.850899,
        "title" : "Untitled",
        "transform" : [
          1,
          0,
          -0,
          0,
          -0,
          0.8595523,
          -0.51104784,
          0,
          0,
          0.51104784,
          0.8595523,
          0,
          0.29223645,
          0.8788828,
          1.2735847,
          1
        ]
      }
    ],
    "6EAD5E07-3D10-4BAE-B525-44366885B942" : [
      {
        "date" : 733523498.065814,
        "title" : "Untitled",
        "transform" : [
          1,
          0,
          -0,
          0,
          -0,
          0.8595523,
          -0.51104784,
          0,
          0,
          0.51104784,
          0.8595523,
          0,
          0.29223645,
          0.8788828,
          1.2735847,
          1
        ]
      }
    ],
    "18D4CD64-C7BA-4FF7-98DF-25E1C04C6458" : [
      {
        "date" : 733523576.420902,
        "title" : "Untitled",
        "transform" : [
          0.99998766,
          0,
          -0.0049743447,
          0,
          -0.0024690712,
          0.86811614,
          -0.49635494,
          0,
          0.004318309,
          0.49636108,
          0.86810535,
          0,
          5.556563,
          3.7517955,
          17.884428,
          1
        ]
      },
      {
        "date" : 733523546.612492,
        "title" : "Untitled",
        "transform" : [
          0.99998766,
          0,
          -0.0049743447,
          0,
          -0.0024690712,
          0.86811614,
          -0.49635494,
          0,
          0.004318309,
          0.49636108,
          0.86810535,
          0,
          5.531513,
          0.8747031,
          12.852583,
          1
        ]
      },
      {
        "date" : 733523538.77111,
        "title" : "Untitled",
        "transform" : [
          0.99998754,
          0,
          -0.0049743443,
          0,
          -0.0024690712,
          0.86811614,
          -0.49635494,
          0,
          0.004318309,
          0.49636108,
          0.86810535,
          0,
          0.2769752,
          4.237172,
          7.2935514,
          1
        ]
      },
      {
        "date" : 733523267.867653,
        "title" : "Untitled",
        "transform" : [
          0.99999994,
          0,
          -0,
          0,
          -0,
          0.86811614,
          -0.49636108,
          0,
          0,
          0.49636108,
          0.86811614,
          0,
          0.24011147,
          0.5390085,
          0.82574105,
          1
        ]
      }
    ],
    "26DBAE76-5DD8-47B6-A085-1B4ADA111097" : [
      {
        "date" : 733522942.934639,
        "title" : "Untitled",
        "transform" : [
          0.9980757,
          5.5525792e-12,
          -0.062006492,
          0,
          -0.03203286,
          0.8562238,
          -0.5156109,
          0,
          0.053091433,
          0.51660496,
          0.85457623,
          0,
          0.018524319,
          0.34773868,
          0.55847955,
          1
        ]
      },
      {
        "date" : 733522931.017945,
        "title" : "Untitled",
        "transform" : [
          0.9980757,
          5.5525792e-12,
          -0.062006492,
          0,
          -0.03203286,
          0.8562238,
          -0.5156109,
          0,
          0.053091433,
          0.51660496,
          0.85457623,
          0,
          0.047658034,
          0.35816783,
          0.5503651,
          1
        ]
      },
      {
        "date" : 733522893.03313,
        "title" : "Untitled",
        "transform" : [
          1,
          0,
          0,
          0,
          0,
          0.8660254,
          -0.5,
          0,
          0,
          0.5,
          0.8660254,
          0,
          -0.006941163,
          0.3169514,
          0.36196363,
          1
        ]
      },
      {
        "date" : 733522888.779242,
        "title" : "Untitled",
        "transform" : [
          1,
          0,
          -0,
          0,
          -0,
          0.8660254,
          -0.5,
          0,
          0,
          0.5,
          0.8660254,
          0,
          -0.0050957953,
          0.23268713,
          0.2657325,
          1
        ]
      },
      {
        "date" : 733522859.845367,
        "title" : "Untitled",
        "transform" : [
          1,
          0,
          -0,
          0,
          -0,
          0.8660254,
          -0.5,
          0,
          0,
          0.5,
          0.8660254,
          0,
          0,
          0.19791879,
          0.3430054,
          1
        ]
      }
    ],
    "101F348B-EFEA-43F4-AFCA-19B2BA3BB25D" : [
      {
        "date" : 733523669.486054,
        "title" : "Untitled",
        "transform" : [
          0.99999994,
          0,
          0,
          0,
          0,
          0.8666143,
          -0.49897853,
          0,
          0,
          0.49897853,
          0.8666143,
          0,
          1.0133469,
          1.6269766,
          2.5558975,
          1
        ]
      },
      {
        "date" : 733523663.170747,
        "title" : "Untitled",
        "transform" : [
          0.99999994,
          0,
          0,
          0,
          0,
          0.8666143,
          -0.49897853,
          0,
          0,
          0.49897853,
          0.8666143,
          0,
          1.3408543,
          2.1528053,
          3.3819475,
          1
        ]
      },
      {
        "date" : 733523649.933164,
        "title" : "Untitled",
        "transform" : [
          0.99999994,
          0,
          0,
          0,
          0,
          0.8666143,
          -0.49897853,
          0,
          0,
          0.49897853,
          0.8666143,
          0,
          4.7511325,
          3.7135105,
          4.8233933,
          1
        ]
      },
      {
        "date" : 733523629.76123,
        "title" : "Untitled",
        "transform" : [
          0.99999994,
          0,
          -0,
          0,
          -0,
          0.8666143,
          -0.49897853,
          0,
          0,
          0.49897853,
          0.8666143,
          0,
          1.0015336,
          0.7828041,
          1.0167662,
          1
        ]
      },
      {
        "date" : 733523624.637617,
        "title" : "Untitled",
        "transform" : [
          0.99999994,
          0,
          0,
          0,
          0,
          0.8666143,
          -0.49897853,
          0,
          0,
          0.49897853,
          0.8666143,
          0,
          0.39221364,
          0.9101844,
          1.2292583,
          1
        ]
      },
      {
        "date" : 733523549.44551,
        "title" : "Untitled",
        "transform" : [
          0.99999994,
          0,
          -0,
          0,
          -0,
          0.8666143,
          -0.49897853,
          0,
          0,
          0.49897853,
          0.8666143,
          0,
          0.54947954,
          0.88411105,
          1.4031478,
          1
        ]
      }
    ],
    "156B0EAC-1919-440A-AF8C-201E4263D20A" : [
      {
        "date" : 733523687.942022,
        "title" : "Untitled",
        "transform" : [
          0.99678516,
          -5.2160676e-10,
          -0.0801218,
          0,
          -0.017384676,
          0.97617644,
          -0.21628055,
          0,
          0.07821301,
          0.2169781,
          0.97303814,
          0,
          0.22694623,
          0.42127568,
          0.8386037,
          1
        ]
      },
      {
        "date" : 733523191.951005,
        "title" : "Untitled",
        "transform" : [
          0.99678516,
          -5.2160676e-10,
          -0.0801218,
          0,
          -0.017384676,
          0.97617644,
          -0.21628055,
          0,
          0.07821301,
          0.2169781,
          0.97303814,
          0,
          0.14506361,
          0.19143668,
          0.8964373,
          1
        ]
      },
      {
        "date" : 733523180.284285,
        "title" : "Untitled",
        "transform" : [
          0.99678516,
          -5.2160676e-10,
          -0.0801218,
          0,
          -0.017384676,
          0.97617644,
          -0.21628055,
          0,
          0.07821301,
          0.2169781,
          0.97303814,
          0,
          0.20568086,
          0.13129452,
          0.5945036,
          1
        ]
      },
      {
        "date" : 733523167.888487,
        "title" : "Untitled",
        "transform" : [
          0.99678516,
          -5.2160676e-10,
          -0.0801218,
          0,
          -0.017384676,
          0.97617644,
          -0.21628055,
          0,
          0.07821301,
          0.2169781,
          0.97303814,
          0,
          0.2129786,
          0.17167094,
          0.5849135,
          1
        ]
      },
      {
        "date" : 733523165.65988,
        "title" : "Untitled",
        "transform" : [
          0.99678516,
          -5.2160676e-10,
          -0.0801218,
          0,
          -0.017384676,
          0.97617644,
          -0.21628055,
          0,
          0.07821301,
          0.2169781,
          0.97303814,
          0,
          0.2412816,
          0.13119777,
          0.43697256,
          1
        ]
      },
      {
        "date" : 733523157.966534,
        "title" : "Untitled",
        "transform" : [
          0.99678516,
          -5.2160676e-10,
          -0.0801218,
          0,
          -0.017384676,
          0.97617644,
          -0.21628055,
          0,
          0.07821301,
          0.2169781,
          0.97303814,
          0,
          0.36997345,
          0.18346812,
          0.41497245,
          1
        ]
      },
      {
        "date" : 733523147.974019,
        "title" : "Untitled",
        "transform" : [
          0.99678516,
          -8.2095586e-10,
          -0.08012181,
          0,
          -0.017384678,
          0.97617644,
          -0.21628061,
          0,
          0.07821301,
          0.21697812,
          0.9730382,
          0,
          0.04837492,
          0.24148938,
          0.8864002,
          1
        ]
      },
      {
        "date" : 733523139.559285,
        "title" : "Untitled",
        "transform" : [
          0.9991674,
          -8.132367e-10,
          -0.040798705,
          0,
          -0.021724276,
          0.8464459,
          -0.53203136,
          0,
          0.0345339,
          0.5324747,
          0.84574115,
          0,
          0.008683654,
          0.52046484,
          0.75620455,
          1
        ]
      },
      {
        "date" : 733523111.571551,
        "title" : "Untitled",
        "transform" : [
          0.9991674,
          -8.132367e-10,
          -0.040798705,
          0,
          -0.021724276,
          0.8464459,
          -0.53203136,
          0,
          0.0345339,
          0.5324747,
          0.84574115,
          0,
          0.004886004,
          0.46190915,
          0.66319954,
          1
        ]
      },
      {
        "date" : 733523105.063687,
        "title" : "Untitled",
        "transform" : [
          0.9991674,
          -8.132367e-10,
          -0.040798705,
          0,
          -0.021724276,
          0.8464459,
          -0.53203136,
          0,
          0.0345339,
          0.5324747,
          0.84574115,
          0,
          -0.0022066087,
          0.22777858,
          0.33537358,
          1
        ]
      }
    ],
    "A64B165B-8181-4B89-9A38-6416E4B00AF4" : [
      {
        "date" : 733523401.686286,
        "title" : "Untitled",
        "transform" : [
          0.99760795,
          -6.191764e-12,
          -0.069127046,
          0,
          -0.03486068,
          0.8635293,
          -0.50309235,
          0,
          0.05969323,
          0.5042987,
          0.86146355,
          0,
          0.24788052,
          1.4053304,
          2.375965,
          1
        ]
      },
      {
        "date" : 733523369.895722,
        "title" : "Untitled",
        "transform" : [
          0.99760795,
          -6.191764e-12,
          -0.069127046,
          0,
          -0.03486068,
          0.8635293,
          -0.50309235,
          0,
          0.05969323,
          0.5042987,
          0.86146355,
          0,
          0.14939389,
          0.573297,
          0.9546518,
          1
        ]
      },
      {
        "date" : 733523341.974159,
        "title" : "Untitled",
        "transform" : [
          0.99999994,
          0,
          0,
          0,
          0,
          0.8678537,
          -0.49681982,
          0,
          0,
          0.49681982,
          0.8678537,
          0,
          0.083863124,
          0.5650621,
          0.9673728,
          1
        ]
      },
      {
        "date" : 733523328.077273,
        "title" : "Untitled",
        "transform" : [
          0.99999994,
          0,
          -0,
          0,
          -0,
          0.8678537,
          -0.49681982,
          0,
          0,
          0.49681982,
          0.8678537,
          0,
          0.24011146,
          0.60693866,
          0.9433998,
          1
        ]
      }
    ],
    "BF84D725-B04D-4038-92E7-14E9A30EE3C1" : [
      {
        "date" : 733523250.846068,
        "title" : "Untitled",
        "transform" : [
          1,
          0,
          0,
          0,
          0,
          0.86413944,
          -0.5032524,
          0,
          0,
          0.5032524,
          0.86413944,
          0,
          0.61268777,
          0.5213445,
          0.71464056,
          1
        ]
      },
      {
        "date" : 733523213.091623,
        "title" : "Untitled",
        "transform" : [
          1,
          0,
          0,
          0,
          0,
          0.86413944,
          -0.5032524,
          0,
          0,
          0.5032524,
          0.86413944,
          0,
          0.34058115,
          0.2898052,
          0.3972547,
          1
        ]
      },
      {
        "date" : 733523211.169978,
        "title" : "Untitled",
        "transform" : [
          1,
          0,
          0,
          0,
          0,
          0.86413944,
          -0.5032524,
          0,
          0,
          0.5032524,
          0.86413944,
          0,
          0.2397719,
          0.27302188,
          0.40702885,
          1
        ]
      },
      {
        "date" : 733523207.369734,
        "title" : "Untitled",
        "transform" : [
          1,
          0,
          -0,
          0,
          -0,
          0.86413944,
          -0.5032524,
          0,
          0,
          0.5032524,
          0.86413944,
          0,
          0.011995138,
          0.29055324,
          0.3968191,
          1
        ]
      },
      {
        "date" : 733523194.455982,
        "title" : "Untitled",
        "transform" : [
          1,
          0,
          -0,
          0,
          -0,
          0.86413944,
          -0.5032524,
          0,
          0,
          0.5032524,
          0.86413944,
          0,
          -0.14399743,
          0.411109,
          0.63989186,
          1
        ]
      }
    ],
    "D23CCF5B-9D5A-49AF-B937-417D85969A87" : [
      {
        "date" : 733522945.348204,
        "title" : "Untitled",
        "transform" : [
          1,
          0,
          -0,
          0,
          -0,
          0.8663738,
          -0.49939615,
          0,
          0,
          0.49939615,
          0.8663738,
          0,
          -0.005110788,
          0.3231389,
          0.4652964,
          1
        ]
      }
    ]
  },
  "selectedSceneRelativePath" : "Erlenmeyer Flask.usda"
}